1 1.0282489462880329
-976844.8333426043 1.0362201805817175
-1254494.3827766497 1.0712568146701686
-2878398.886342858 1.1444324786462257
-6604397.965148084 1.132431955754685
-15153588.576276505 1.1971406805122613
-34769444.23259161 1.2515323658523254
-79777423.42403945 1.2863142116582058
-183046851.29860914 1.3203275121135691
-419995386.31675917 1.3504945296275368
-963666532.7807477 1.360825359342862
-2211103304.123633 1.4395550500155017
-5073308717.486385 1.462538060064795
-11640551255.53021 1.5260473280764968
-26708887843.860962 1.5321989190449046
-61282724004.76202 1.5790647918167284
-140611330707.54398 1.6072256050765559
-322628385804.2919 1.7248883776721207
-740260936319.3978 1.7367799935347001
-1698506014820.6643 1.772495401962812
-3897169958374.282 1.841375994381527
-8941936944543.945 1.8999599545811816
-20517000072933.633 1.939179604970645
-47075627417570.41 1.992786287097452
-108013583315303.56 2.06915426543988
-247833854175196.5 2.1920465134784854
-568647177420603.5 2.180993850644479
-1304743508366023.2 2.306711854876151
-2993693963883199.0 2.3661200793559423
-6868938984501548.0 2.458921550545287
-1.5760569831795276e+16 2.4572865778991537
-3.616214410746006e+16 2.51345074609885
-8.297293057326909e+16 2.6089918152693152
-1.9037884444734275e+17 2.7503192229841136
-4.3681841972666304e+17 2.735518594044643
-1.0022664669827626e+18 2.8684422818702613
-2.2996696693026222e+18 2.9115393658805218
-5.276521526087718e+18 3.0976311142450377
-1.2106816812394662e+19 3.157545257293865
-2.777871986387218e+19 3.2724625217805023
-6.373742076327471e+19 3.3913076865259497
-1.4624355713519336e+20 3.4651517497830877
-3.355513566039652e+20 3.515024040209853
-7.699122964759013e+20 3.6995913616485447
-1.7665401513021077e+21 3.7887848280959866
-4.0532721979459277e+21 3.8123712458915837
-9.300108745635738e+21 4.06612268467342
-2.1338814285525117e+22 4.208390181157664
-4.896125492358469e+22 4.266846032737231
-1.1234009779626581e+23 4.449664193082787
-2.5776090895896047e+23 4.39590755810133
-5.9142450016238096e+23 4.733776680855073
-1.3570053768238886e+24 4.721102645452547
-3.1136072182051185e+24 4.967203281463762
-7.144076268842353e+24 5.0967622358025935
-1.639186389234347e+25 5.0929300420027905
-3.761062896780264e+25 5.362911425802735
-8.629643466076157e+25 5.58297544481617
-1.9800452264529565e+26 5.632178299768558
-4.543153044747748e+26 5.816079811875597
-1.0424125324134922e+27 6.099653458343648
-2.391783585166551e+27 6.119904667205428
-5.487874080933408e+27 6.381746671534563
-1.25917587673734e+28 6.703120333819667
-2.8891404306557518e+28 6.796610326574941
-6.629044109134318e+28 7.131105051020869
-1.5210138397763631e+29 7.063393564232458
-3.489919606362903e+29 7.367967855591824
-8.0075135020908e+29 7.648237254239492
-1.8372994142690533e+30 7.974696795204123
-4.2156271566598085e+30 8.046997900585675
-9.672627219030512e+30 8.23598100923468
-2.2193546497707977e+31 8.611268113819946
-5.092241177007695e+31 9.045340553121466
-1.1683991203249426e+32 8.997674679803254
-2.6808559471613514e+32 9.507919268226788
-6.1511417497743566e+32 9.701108503667086
-1.4113606091323445e+33 10.103951683679547
-3.238323631679425e+33 10.177709524296038
-7.430234254546968e+33 10.417197748569109
-1.704844461416957e+34 11.064822928550623
-3.9117133296913625e+34 11.18329272108202
-8.975306263990477e+34 11.52706696137502
-2.0593564952977435e+35 11.830323111052667
-4.725130318661073e+35 12.02400947794212
-1.0841666597944741e+36 12.5469730313899
-2.4875871498565923e+36 13.254267041241535
-5.707692421850274e+36 13.162278342063022
-1.309612520884952e+37 13.917151332167768
-3.004865763776837e+37 13.909210252096969
-6.894572336722001e+37 14.864311287645588
-1.5819384772298458e+38 14.868704757091004
-3.629709318460936e+38 15.878468983762733
-8.328256709194346e+38 16.239705295131785
-1.910892959429889e+39 16.613184074075697
-4.3844852889410485e+39 16.765997556841572
-1.0060067024725354e+40 17.168230006649974
-2.3082515249220897e+40 18.039971510407792
-5.296212330603842e+40 18.350475306660435
-1.2151996759446283e+41 18.77594587993174
-2.7882383866727717e+41 19.252752546657337
-6.39752746384852e+41 20.51305834064364
-1.4678930555696218e+42 20.881893236151754
-3.368035596197856e+42 21.574766768954298
-7.727854378910385e+42 22.56568597826876
-1.7731324861608192e+43 23.22334488106993
-4.068398108094457e+43 23.722260055285087
-9.334814682564754e+43 24.439438105424472
-2.141844599338885e+44 24.86766874243687
-4.914396743499922e+44 25.50314167696055
-1.1275932604997266e+45 26.028501050940335
-2.5872281532949548e+45 26.732574407883995
-5.936315648282155e+45 28.542431742296834
-1.3620694190096843e+46 28.31954240010153
-3.125226507687886e+46 29.533339751379206
-7.170736372200702e+46 30.32982526375466
-1.6453034681842428e+47 32.00399350544467
-3.775098346821961e+47 31.66521579869498
-8.661847375734105e+47 33.29682457077018
-1.9874343147556204e+48 34.48674392271493
-4.560107081237255e+48 35.54786245960932
-1.0463025840885266e+49 36.42927470514701
-2.400709189428287e+49 37.18409560196538
-5.508353606166557e+49 38.85024585030823
-1.2638748409920426e+50 40.68970310974343
-2.899922060022449e+50 40.95943762181415
-6.653782227047109e+50 42.889155000660075
-1.526689925060443e+51 44.1420620402926
-3.502943209963519e+51 44.44856479977328
-8.037395761122691e+51 46.16492707673645
-1.8441558069559958e+52 48.37462806938633
-4.231358939396645e+52 49.72800694140193
-9.708723312031481e+52 51.56384287396712
-2.227636787604317e+53 51.04930898238979
-5.111244288256208e+53 54.395793128899335
-1.1727593259189847e+54 55.80682404289138
-2.6908603051707816e+54 58.049197067430086
-6.17409644239656e+54 59.557218786828564
-1.416627492953207e+55 61.26583546859055
-3.250408335072766e+55 62.24112184436307
-7.457962235849032e+55 65.25365733484826
-1.711206561685891e+56 66.55312564507938
-3.926310973634868e+56 68.71596952205546
-9.008800110313819e+56 70.03825931331981
-2.0670415556120876e+57 72.33795196505748
-4.742763453854014e+57 72.45837122483881
-1.0882125285842374e+58 77.85968488046032
-2.496870271709213e+58 79.13196102505798
-5.728992260230759e+58 81.1855841325792
-1.3144997034754367e+59 81.50579103286587
-3.01607925434239e+59 86.74950639064312
-6.920301346910524e+59 88.35657807246794
-1.5878419197075578e+60 92.35910198480411
-3.6432545861693685e+60 95.52140902416883
-8.359335910522352e+60 96.82195505257056
-1.9180239868556918e+61 99.23853965641372
-4.4008472126632415e+61 103.93963137763085
-1.0097608956891002e+62 105.50466299382605
-2.316865406117602e+62 106.13305373728382
-5.315976616821985e+62 109.54542674402902
-1.219734530800953e+63 113.94373175521517
-2.798643472058073e+63 117.11085828388762
-6.42140161314448e+63 119.08126444580449
-1.473370905904334e+64 126.92051610531834
-3.3806043557869497e+64 130.86062735267302
-7.756693012307757e+64 134.41202058816503
-1.779749422146688e+65 133.11485941524825
-4.0835804647747404e+65 138.02600275266448
-9.36965013432968e+65 145.1488477218358
-2.1498374869071402e+66 152.05631751669247
-4.932736178886e+66 151.34113364374312
-1.1318011877026052e+67 157.69738481501855
-2.5968831132061894e+67 166.33639179222104
-5.958468657683974e+67 169.29209818532215
-1.367152359074366e+68 172.5006094151504
-3.136889157774166e+68 175.73497366716973
-7.197495965133953e+68 183.42379974183922
-1.6514433747119688e+69 186.15959335676152
-3.7891861740408756e+69 191.6144628812457
-8.694171463218787e+69 201.07717291416648
-1.9948509774920466e+70 204.1654332813964
-4.577124386419331e+70 207.2056505092522
-1.0502071525710276e+71 214.74234058700665
-2.4096681020595296e+71 221.69535784046283
-5.528909556431982e+71 231.946596461355
-1.2685913407360076e+72 236.8617315366236
-2.9107439240314504e+72 241.22164600639888
-6.678612662112684e+72 244.59265748359982
-1.5323871922320958e+73 263.34520724815127
-3.516015414755529e+73 271.77783250785626
-8.067389534097653e+73 273.8773587426783
-1.8510377861751665e+74 284.1474234967381
-4.2471494296469493e+74 285.78362425562085
-9.744954107621559e+74 301.70546507997364
-2.2359498325337785e+75 305.84040352914394
-5.130318314888451e+75 318.5153769415048
-1.1771358028303284e+76 323.3678493423303
-2.700901997218724e+76 335.8076143418283
-6.197136796825108e+76 344.6102655546832
-1.4219140316128132e+77 345.33557511440904
-3.262538135890796e+77 358.8654486858456
-7.485793691808922e+77 371.1374607585164
-1.7175924038977099e+78 384.66015436936766
-3.940963092738165e+78 389.3495621059984
-9.042418948220566e+78 402.1401379512734
-2.074755294861899e+79 410.32040147582035
-4.760462391984811e+79 427.60953819001
-1.0922734956562764e+80 453.79290603610264
-2.506188036107456e+80 462.5336863627104
-5.750371584869698e+80 464.08948863966503
-1.3194051239441422e+81 478.5717453478819
-3.027334591160171e+81 499.40717115698794
-6.946126372041371e+81 519.3433616683055
-1.5937673925193114e+82 511.48065985322927
-3.656850401803597e+82 534.5372327491591
-8.39053109251581e+82 549.0384551415855
-1.9251816256894735e+83 567.4317189594714
-4.4172701954448787e+83 582.9601204859257
-1.0135290987195882e+84 615.0724042470138
-2.325511432401485e+84 607.1531193513325
-5.335814658959518e+84 641.5382411376365
-1.2242863087267743e+85 647.3124123158636
-2.8090873869073086e+85 680.0713392654105
-6.445364855454551e+85 683.363975749267
-1.4788691983578882e+86 722.5420515382347
-3.3932200191907737e+86 739.538838003057
-7.785639265069503e+86 765.1659261827753
-1.7863910510656465e+87 759.1304243531396
-4.098819478632673e+87 800.204067319053
-9.404615584251067e+87 808.0658316455869
-2.157860202153695e+88 846.8061799176245
-4.951144052965131e+88 869.3228116306835
-1.1360248179537057e+89 893.1107076331707
-2.6065741032799614e+89 892.9063180768967
-5.980704337188705e+89 910.5108196786698
-1.372254267540615e+90 961.0344852882259
-3.1485953302760866e+90 985.186079593972
-7.224355418915076e+90 998.1061858105509
-1.657606194004969e+91 1042.5133287971594
-3.803326573896984e+91 1070.7144696751207
-8.726616177007123e+91 1085.443713506455
-2.0022953175638898e+92 1137.2907619326131
-4.594205196398665e+92 1174.8660623642058
-1.0541262920344925e+93 1157.432490241641
-2.418660447359706e+93 1206.6256658021596
-5.5495422169309065e+93 1245.8158024257186
-1.2733254414077814e+94 1289.8227189461343
-2.9216061728294943e+94 1280.3608428065431
-6.703535758838127e+94 1339.1560068600204
-1.5381057203374145e+95 1397.3962771724441
-3.5291364021077704e+95 1425.1486976919837
-8.097495237160919e+95 1427.481161557719
-1.8579454474098125e+96 1487.3420018538905
-4.262998846494102e+96 1514.0601303880796
-9.781320108480847e+96 1531.9794176585433
-2.24429389989759e+97 1578.8604932531043
-5.149463521544862e+97 1658.2700191422202
-1.1815286117799103e+98 1659.2505840774336
-2.7109811626275058e+98 1741.588123414194
-6.220263132730804e+98 1751.6246937779285
-1.4272202984586487e+99 1761.1898949669242
-3.2747132024270724e+99 1862.0620413566369
-7.513729008571045e+99 1910.9213925693662
-1.7240020766520633e+100 1962.626466231999
-3.955669890290433e+100 1997.2511093948924
-9.076163244151507e+100 2022.976492794663
-2.0824978200705858e+101 2025.92181469104
-4.7782273786153916e+101 2099.592628128033
-1.0963496173540219e+102 2213.941377087408
-2.515540572329595e+102 2244.1770104159727
-5.771830692392127e+102 2312.3468963781324
-1.3243288503507726e+103 2273.6920536671455
-3.038631930391083e+103 2397.5718293515074
-6.972047770420948e+103 2381.5422533592023
-1.5997149778774125e+104 2440.148153421711
-3.670496953997235e+104 2525.7227970035965
-8.421842687988756e+104 2566.025822639779
-1.9323659752390877e+105 2628.62741125803
-4.433754465144785e+105 2698.809567467585
-1.0173113638455082e+106 2768.723264252122
-2.334189723732057e+106 2796.4430557559467
-5.355726732257119e+106 2866.749193918523
-1.2288550728752221e+107 2881.8460366775466
-2.819570276123399e+107 2936.994479701493
-6.469417523254039e+107 3049.825022114102
-1.4843880092157244e+108 3153.265241171167
-3.40588276144393e+108 3150.205403979354
-7.814693538807148e+108 3291.634803590682
-1.7930574650662287e+109 3292.998514945827
-4.114115361100242e+109 3322.526508707866
-9.439711517453118e+109 3469.041786573065
-2.16591285638881e+110 3445.8776067736553
-4.969620621135293e+110 3514.4591646371446
-1.1402642098533106e+111 3651.1350203863663
-2.6163012579728227e+111 3743.4617414380677
-6.003022995302778e+111 3797.1406832208613
-1.377375215194284e+112 3885.205880043056
-3.160345187609617e+112 3808.7883910193054
-7.251315106202526e+112 3896.768715182875
-1.663792011568583e+113 3991.468863439629
-3.8175197425796664e+113 4107.18614933621
-8.759181967249631e+113 4186.259730055945
-2.0097674382568045e+114 4228.318374738029
-4.611349748161026e+114 4360.446743879152
-1.0580600568545787e+115 4370.5880875069715
-2.4276863500920955e+115 4469.554259861744
-5.570251873928848e+115 4560.101370469509
-1.2780772086901091e+116 4472.356683823366
-2.9325089571236252e+116 4611.2820626563025
-6.728551863016133e+116 4758.194775204198
-1.5438455887174734e+117 4795.425174114753
-3.542306354065903e+117 4887.362166651673
-8.127713288010676e+117 5004.630242280106
-1.8648788864995017e+118 4906.526696733041
-4.278907409839053e+118 5029.739450752626
-9.81782181916533e+118 5054.260866723146
-2.2526691054645756e+119 5066.357726603537
-5.168680173853456e+119 5286.882904206694
-1.1859378137152642e+120 5336.9532403764815
-2.721097941239374e+120 5404.744987170159
-6.243475770977398e+120 5308.5294756845
-1.432546367111917e+121 5426.018336470669
-3.2869337036031885e+121 5478.922317955679
-7.541768573720813e+121 5580.252067489066
-1.7304356688792358e+122 5663.978570478993
-3.970431570339481e+122 5783.023394880401
-9.11003346628808e+122 5687.643419646161
-2.0902692386609435e+123 5928.150732605229
-4.796058660224065e+123 5946.04176691195
-1.1004409502311663e+124 5928.21593446321
-2.5249280101363427e+124 6127.0972137694935
-5.793369880530018e+124 6171.04090081186
-1.3292709510090163e+125 6094.372400342233
-3.04997142877879e+125 6353.5311193068865
-6.998065901692782e+125 6377.744260966363
-1.6056847583009654e+126 6400.80234975053
-3.684194432087837e+126 6292.788033155883
-8.453271131370406e+126 6314.456542507642
-1.9395771351829848e+127 6467.796198401981
-4.450300250472107e+127 6639.717408323239
-1.021107743543472e+128 6586.664366309623
-2.342900400515294e+128 6718.609570812764
-5.375713112982608e+128 6845.903043333455
-1.2334408866351005e+129 6873.873421353151
-2.830092285150011e+129 6937.348943108292
-6.493559950258976e+129 6763.835670065799
-1.489927415047962e+130 6807.2577343929825
-3.4185927582342084e+130 6847.013210761092
-7.84385623663094e+130 6878.099695477902
-1.799748756640844e+131 6992.670021669526
-4.129468324398442e+131 7030.3601682898825
-9.474938420870408e+131 7293.328466944268
-2.1739955613381307e+132 7294.236857518874
-4.988166139747555e+132 7198.725719140753
-1.1445194222203867e+133 7347.482983380355
-2.626064712243088e+133 7303.477106009678
-6.025424941683907e+133 7455.892344412713
-1.382515273085387e+134 7436.194348312585
-3.172138892796835e+134 7366.933952431588
-7.278375401045463e+134 7493.359523456784
-1.6700009132272432e+135 7501.413003728979
-3.831765877010451e+135 7320.435418411089
-8.791869285776718e+135 7573.1487626084
-2.0172674432418928e+136 7505.821200705024
-4.628558279576577e+136 7742.003584647507
-1.062008501609866e+137 7549.575766370251
-2.436745935485575e+137 7690.372826552818
-5.591038814759624e+137 7703.422463146398
-1.2828467085108533e+138 7795.242242337704
-2.9434524281833013e+138 7775.129063204071
-6.753661321729831e+138 7736.57007046361
-1.5496068770094315e+139 7744.437585460875
-3.555525453354947e+139 7745.1361181742195
-8.158044105903874e+139 7906.5182652903295
-1.8718381996414557e+140 7793.061288780011
-4.294875340403377e+140 7790.850162359683
-9.854459746113888e+140 7730.151537075572
-2.2610755654355818e+141 7781.794223529983
-5.1879685384335127e+141 8085.796062078242
-1.1903634698113662e+142 7834.355932417804
-2.7312524734184346e+142 8152.548970967173
-6.266775033626026e+142 7957.61651831466
-1.4378923114685574e+143 7967.747898886223
-3.2991998089711106e+143 8021.734661504316
-7.569912776290014e+143 8042.896515926258
-1.7368932698413768e+144 8217.060407351742
-3.985248337694575e+144 7964.494036740356
-9.144030084558867e+144 8202.000475047038
-2.0980696584566437e+145 8234.251407675307
-4.813956484208939e+145 8227.715096819149
-1.1045475510524468e+146 8135.309451975121
-2.5343504797726482e+146 8132.955684753557
-5.8149894481264165e+146 8094.04973653569
-1.3342314944874933e+147 8023.720083286619
-3.0613532436518867e+147 8267.536444805508
-7.024181126842512e+147 7990.543013820999
-1.6116768166170173e+148 8194.739299407041
-3.697943026119522e+148 8161.633162388494
-8.484816858711162e+148 8176.790533194951
-1.946815205571593e+149 8269.063070812912
-4.466907780989483e+149 8290.933812118985
-1.0249182904859237e+150 8339.076117125333
-2.351643583606503e+150 8276.596693554551
-5.3957740784347815e+150 8301.888392693147
-1.2380438136317675e+151 8227.068698438105
-2.840653559973577e+151 8075.666494630046
-6.517792471430756e+151 8064.91716689162
-1.495487492710466e+152 8113.416392664641
-3.4313501859050344e+152 8101.448734931718
-7.873127763155458e+152 8084.22057036013
-1.8064650186270667e+153 8387.948751390399
-4.144878581540241e+153 8286.11343408795
-9.510296783254648e+153 8260.316148824686
-2.1821084291442374e+154 8154.207238682152
-5.006780866109628e+154 8222.784620353586
-1.1487905140933988e+155 8327.63550136281
-2.635864601552704e+155 8256.242372286853
-6.047910487145376e+155 8315.140844455347
-1.3876745125290783e+156 8260.645424058455
-3.1839766094681746e+156 8283.601981020971
-7.305536678888899e+156 8321.4701359719
-1.6762329851256562e+157 8313.8834557363
-3.8460651748457243e+157 8275.700589080063
-8.824678586104899e+157 8283.46467907525
-2.024795436577128e+158 8397.572824800633
-4.645831029403146e+158 8192.581018045275
-1.0659716810826057e+159 8016.590702772259
-2.4458393292363395e+159 8144.004022627143
-5.6119033278292994e+159 8025.407998919412
-1.2876340070439017e+160 8295.660189193959
-2.954436737842479e+160 8189.391987636678
-6.77886448335758e+160 8124.43317626478
-1.5553896651476343e+161 8121.150428551704
-3.568793883381806e+161 8281.609729821388
-8.188488111662033e+161 8197.504210620096
-1.8788234833918815e+162 8074.337760183929
-4.310902859732329e+162 8058.663239636823
-9.891234397655322e+162 8352.57685809669
-2.269513396445093e+163 8017.131851221779
-5.2073288828992806e+163 8332.696790175667
-1.1948056414714845e+164 7979.899203940739
-2.741444900052604e+164 8258.645356116447
-6.290161243939689e+164 7972.855069380515
-1.4432582057002746e+165 8088.8820685658175
-3.31151168871554e+165 8119.308307033622
-7.598162006762225e+165 8019.788797121737
-1.7433749691337468e+166 8025.69356727707
-4.000120397929291e+166 8038.713359072663
-9.178153570646132e+166 8164.191108214735
-2.1058991876837355e+167 7924.416430252769
-4.831921098891365e+167 8063.545601959051
-1.1086694767944357e+168 8152.126392929163
-2.5438081119695085e+168 7931.967103332183
-5.836689695139582e+168 8058.977495155581
-1.3392105496107065e+169 8181.723159512111
-3.0727775329260844e+169 8085.606531024733
-7.05039380820289e+169 7944.845354828914
-1.6176912359617078e+170 7860.482993592198
-3.7117429268456124e+170 8053.031926380527
-8.516480307688673e+170 8126.581206647598
-1.954080286828706e+171 7880.628815928686
-4.48357728711623e+171 8001.9675980460715
-1.028743057541868e+172 7871.5426589604085
-2.3604193943119954e+172 7815.129611071359
-5.4159099069472496e+172 7926.304400078878
-1.2426639177280167e+173 7917.187123428245
-2.8512542471253176e+173 7835.651521725196
-6.542115422980769e+173 7848.522248352387
-1.5010683193459085e+174 8023.411828849372
-3.4441552214579043e+174 7960.831944690522
-7.902508524505207e+174 7869.827522714779
-1.813206344208919e+175 7899.735852179782
-4.1603463463335194e+175 7987.637636315181
-9.545787095181467e+175 7828.107194301674
-2.1902515723682037e+176 7797.160100721635
-5.0254650584894414e+176 7996.020669498786
-1.1530775447311316e+177 7792.490866021346
-2.6457010618691345e+177 8026.429352574374
-6.070479943660359e+177 7980.375844421962
-1.392853005106646e+178 7728.575420254084
-3.1958585018647068e+178 7922.397240206433
-7.332799316578933e+178 7824.743598808697
-1.6824883137300038e+179 7752.599615706256
-3.860417834479488e+179 7950.501980956241
-8.857610323443128e+179 7663.594612184046
-2.0323515227088084e+180 7673.697734119372
-4.663168237289562e+180 7593.253884973323
-1.0699496502594864e+181 7767.607952839057
-2.4549666575096606e+181 7560.861532566145
-5.63284570262022e+181 7762.738688225936
-1.2924391707100903e+182 7599.07876557712
-2.965462038501728e+182 7713.927672219256
-6.804161697577811e+182 7732.515249746584
-1.561194033364726e+183 7656.080566447386
-3.582111828237822e+183 7486.98414538452
-8.219045727677087e+183 7760.533607406491
-1.8858348346673125e+184 7803.027353265591
-4.326990190197922e+184 7505.730878088947
-9.928146284015387e+184 7553.031924202136
-2.2779827155628453e+185 7708.967347402601
-5.226761475863677e+185 7747.228143837663
-1.1992643903280292e+186 7605.250001103234
-2.7516753625555563e+186 7423.595765751322
-6.313634726387727e+186 7537.301212435369
-1.4486441242555632e+187 7726.439022885016
-3.3238695136562646e+187 7665.297754393964
-7.626516657078213e+187 7429.038527114944
-1.7498808566859524e+188 7411.849055589212
-4.015047957384353e+188 7363.380189626326
-9.212404397992337e+188 7552.39454641673
-2.113757934972139e+189 7469.150480210662
-4.849952753519363e+189 7425.996886426152
-1.1128067846463263e+190 7636.902604732609
-2.553301037945774e+190 7643.023295480982
-5.858470922647145e+190 7592.73370185017
-1.3442081854599945e+191 7614.387027391414
-3.084244455106396e+191 7514.110295547061
-7.076704309458809e+191 7595.494504907817
-1.6237280997814195e+192 7477.120003668653
-3.7255943257312745e+192 7287.904247098661
-8.548261917613887e+192 7353.942227631357
-1.9613724797528737e+193 7536.476826480396
-4.500309000131527e+193 7511.035951877821
-1.0325820977776036e+194 7328.173600980425
-2.3692279543907646e+194 7273.3621512008995
-5.436120877892288e+194 7312.928529364608
-1.2473012630249595e+195 7186.053481569516
-2.8618944936832683e+195 7418.141891797969
-6.566529142375055e+195 7394.409570561058
-1.5066699723848372e+196 7224.590581768747
-3.457008042554834e+196 7169.890115173322
-7.931998928320234e+196 7271.57936439732
-1.8199728269181595e+197 7395.687659718042
-4.175871833384029e+197 7154.896957513375
-9.58140984905718e+197 7181.015549373525
-2.1984251039911487e+198 7276.396152829009
-5.04421897611871e+198 7170.880770520975
-1.1573805736135065e+199 7118.917732671108
-2.655574229667236e+199 7068.136730513292
-6.093133624366231e+199 7091.4126865414155
-1.3980508226665e+200 7086.534490390913
-3.207784734840403e+200 7327.343471709534
-7.360163692367949e+200 7286.132135025816
-1.6887669858291355e+201 7139.110542841337
-3.8748240550460977e+201 6970.395184591778
-8.890664954699075e+201 7192.975394455809
-2.0399358064729973e+202 7228.880018998248
-4.680570143778956e+202 7038.106659744766
-1.0739424643323919e+203 7141.5512947587995
-2.4641280469416223e+203 6912.073352942607
-5.653866229694997e+203 6899.054365190222
-1.2972622661781193e+204 7172.113280417439
-2.976528483130338e+204 7149.266265061568
-6.829553315373868e+204 7178.942348443007
-1.5670200621927586e+205 7139.68703040282
-3.595479472701317e+205 6976.723657405042
-8.249717377917232e+205 6889.4922935496825
-1.8928723507459517e+206 7133.736961432002
-4.3431375550020116e+206 6908.665595461722
-9.9651959173239e+206 7016.8442124551275
-2.2864836402954528e+207 6799.514032800295
-5.246266586942024e+207 6821.992110340455
-1.2037397782434096e+208 6860.006001141886
-2.7619440028686926e+208 6831.159082869532
-6.337195806650332e+208 6874.058366959226
-1.4540501418607446e+209 6837.741960140985
-3.336273455250537e+209 6887.28846257925
-7.654977120641382e+209 6965.602764366651
-1.7564110227631973e+210 7013.835806365448
-4.030031223170504e+210 6822.042079496184
-9.246783041806731e+210 6908.28476099077
-2.12164600935716e+211 6798.392942116249
-4.868051698271096e+211 6848.847502252139
-1.1169595320107316e+212 6906.789959512868
-2.5628293894099797e+212 6730.703104597794
-5.8803334328502985e+212 6920.315342963681
-1.3492244713744942e+213 6919.981662566814
-3.095754169289344e+213 6702.954350920425
-7.103112995652362e+213 6671.6459266466645
-1.6297874918339415e+214 6889.424669033899
-3.739497414956186e+214 6675.519520465255
-8.580162129437183e+214 6757.294231761175
-1.9686918855188076e+215 6602.180964587202
-4.517103152177649e+215 6676.723441927477
-1.0364354644574635e+216 6552.607877126227
-2.37806938605619e+216 6668.578474426158
-5.4564072716847486e+216 6797.933460498523
-1.2519559138629242e+217 6804.301762554081
-2.872574447274338e+217 6688.5143940667185
-6.591033968339032e+217 6685.347695866896
-1.5122925295467608e+218 6510.1395387265375
-3.4699088275208526e+218 6512.673855717952
-7.96159938376185e+218 6746.228947437891
-1.8267645606355956e+219 6777.616870624245
-4.191455258098403e+219 6633.763121276092
-9.617165539125701e+219 6502.34465873601
-2.2066291374158226e+220 6748.098466345153
-5.063042879196565e+220 6710.2247498205525
-1.1616996604424167e+221 6518.110636756076
-2.6654842419311695e+221 6681.076921199028
-6.1158718435689465e+221 6544.778089895654
-1.4032680373251782e+222 6633.840798143705
-3.219755473864449e+222 6426.676354436262
-7.387630185919917e+222 6466.29699741561
-1.6950690885357847e+223 6354.805342132652
-3.8892840364230465e+223 6493.017038865144
-8.923842938485517e+223 6437.086961674856
-2.0475483930969897e+224 6525.86144282691
-4.698036990312129e+224 6339.265981735487
-1.0779501786991733e+225 6305.599569532567
-2.473323624640895e+225 6487.707131750155
-5.674965200700575e+225 6444.0628813137255
-1.3021033603654854e+226 6454.245843539246
-2.9876362252684523e+226 6486.792734821902
-6.855039689038902e+226 6366.037096366017
-1.5728678324643146e+227 6399.8456623179045
-3.608897002240174e+227 6243.278634992714
-8.280503487932835e+227 6264.553260614126
-1.899936129269025e+228 6418.070539256959
-4.3593451781793934e+228 6334.9656642898
-1.0002383811621826e+229 6447.464390876035
-2.295016288588039e+229 6244.856914781264
-5.265844486755792e+229 6388.513286604518
-1.2082318673108911e+230 6412.743338451736
-2.7722509634631054e+230 6398.730903228084
-6.360844811623055e+230 6327.260763509832
-1.4594763335210002e+231 6354.71746241585
-3.3487236855954446e+231 6141.113759946876
-7.683543792323223e+231 6179.180958869704
-1.7629655579675352e+232 6325.868407155331
-4.045070403171376e+232 6200.75723445885
-9.281289979071931e+232 6165.984725801895
-2.129563520280996e+233 6206.574160016792
-4.88621818425833e+233 6258.635308467003
-1.121127776504476e+234 6253.760148151125
-2.5723932985621616e+234 6112.258397839189
-5.9022775290779706e+234 6288.5596645175265
-1.3542594769520983e+235 6156.858725277696
-3.1073068351651594e+235 6052.670365721493
-7.129620233187883e+235 6105.464463041604
-1.635869496189624e+236 6118.343068532425
-3.7534523874171873e+236 6086.892358843425
-8.612181385754446e+236 6009.110970871381
-1.9760386056787774e+237 6213.269174405888
-4.533959976263161e+237 6009.332027695625
-1.0403032110445483e+238 6142.57716405967
-2.3869438119777154e+238 6002.4057091092845
-5.476769369785907e+238 6113.807635503451
-1.2566279348223368e+239 6006.236894020411
-2.883294256076334e+239 6144.602685632341
-6.615630240862133e+239 6180.156685828148
-1.5179360688412118e+240 6038.867291223981
-3.4828577553464405e+240 6016.536009061471
-7.99131030151822e+240 6144.266495235596
-1.8335816395923682e+241 5898.835600299375
-4.207096836687105e+241 5876.75461384163
-9.653054661475306e+241 5874.7014179171165
-2.2148637864681582e+242 5954.053546442052
-5.081937028893118e+242 5841.0865000112035
-1.166034865142543e+243 6095.353768687002
-2.6754312361562793e+243 5832.195420710432
-6.138694916747356e+243 5979.9956782448235
-1.4085047214683348e+244 5867.9275894112625
-3.231770885023508e+244 5871.5114462041165
-7.415199178315593e+244 5829.4046980725225
-1.7013947092877618e+245 6061.455752297366
-3.903797979233709e+245 5893.016277618069
-8.957144735126638e+245 5993.462411475912
-2.0551893882007588e+246 5866.20072104573
-4.715569019230872e+246 5781.404927336847
-1.0819728489644115e+247 5737.796025976369
-2.4825535181904842e+247 5868.276315933943
-5.696142908372248e+247 5988.89062993344
-1.3069625204394042e+248 5823.725397440503
-2.998785419029187e+248 5895.775478003953
-6.880621172180731e+248 5783.369934042096
-1.5787374253136232e+249 5779.251478782032
-3.6223646030143926e+249 5703.173299918077
-8.311404484862307e+249 5873.736293767556
-1.9070262682421313e+250 5853.589109116759
-4.37561328460091e+250 5795.54433057164
-1.0039710482868419e+251 5883.116490429421
-2.303580778825873e+251 5689.610838193096
-5.285495446936349e+251 5796.241848763433
-1.2127407198554588e+252 5665.752661361295
-2.7825963873415627e+252 5830.598847676378
-6.384582069421361e+252 5822.546961328723
-1.4649227745214174e+253 5679.159024268569
-3.361220377430313e+253 5590.817170515729
-7.712217068468819e+253 5693.380099533523
-1.7695445532391287e+254 5707.313454623706
-4.060165706046384e+254 5683.8105274634345
-9.315925688550566e+254 5556.7577757754925
-2.1375105775942648e+255 5796.586070829562
-4.9044524635299405e+255 5573.744163798033
-1.1253115759594003e+256 5555.187139021048
-2.5819928980957055e+256 5670.626200352218
-5.924303515791065e+256 5553.3581916439
-1.3593132720504267e+257 5528.064220090254
-3.118902613020008e+257 5643.576110928421
-7.156226389837065e+257 5582.279735929042
-1.6419741972325542e+258 5696.654330905406
-3.7674594367309784e+258 5573.957617118722
-8.644320130813254e+258 5696.888540711258
-1.9834127421640262e+259 5538.648225577289
-4.550879706266176e+259 5642.932567769802
-1.0441853912014738e+260 5418.49401906347
-2.3958513552825675e+260 5458.445230390483
-5.49720745470741e+260 5606.483059845451
-1.2613173907246284e+261 5517.805055216299
-2.894054068820042e+261 5599.2863664268625
-6.640318301202584e+261 5621.250140313949
-1.5236006685688433e+262 5507.246618618494
-3.495855005690044e+262 5455.094433850654
-8.021132093810142e+262 5594.072906614899
-1.8404241583712746e+263 5515.930817918954
-4.222796786167461e+263 5440.352581536531
-9.689077714045595e+263 5460.6522787483345
-2.2231291653988707e+264 5512.874508427364
-5.100901687353132e+264 5385.560527357732
-1.1703862478621974e+265 5348.175588707363
-2.685415350351022e+265 5342.230712651379
-6.16160316055763e+265 5394.065251619955
-1.4137609477517572e+266 5363.92121437874
-3.243831135024055e+266 5480.416241946818
-7.44287105205787e+266 5316.43269310351
-1.707743935849183e+267 5411.939684173254
-3.9183660848501596e+267 5450.808816193067
-8.990570806664481e+267 5273.126907683862
-2.0628588977984332e+268 5482.499027935884
-4.73316647378135e+268 5322.823691893886
-1.086010530940193e+269 5232.613700741702
-2.491817855649511e+269 5423.399316892091
-5.717399646537744e+269 5253.147099502634
-1.311839813817747e+270 5194.297575875126
-3.0099762191007793e+270 5335.726431585681
-6.906298119726769e+270 5390.2443512504415
-1.5846289221776917e+271 5396.320032246051
-3.6358824618786896e+271 5285.751913990064
-8.342420797438065e+271 5299.947399600864
-1.9141428660366086e+272 5252.059807413113
-4.391942099976579e+272 5375.02999672911
-1.007717644894839e+273 5134.595977796766
-2.312177229836013e+273 5146.8241663275185
-5.305219740128734e+273 5182.441046760622
-1.2172663984346803e+274 5225.233560790957
-2.792980418040484e+274 5200.379445307355
-6.408407909385163e+274 5296.442940645641
-1.470389540428029e+275 5109.310062518554
-3.3737637041390865e+275 5263.695823616666
-7.740997346902315e+275 5210.602937047326
-1.7761480998575086e+276 5167.584719802162
-4.0753173412336115e+276 5217.85539520035
-9.350690650791894e+276 5264.467505071123
-2.1454872915575198e+277 5193.701013517363
-4.9227547890753846e+277 5186.0352296140045
-1.1295109884231602e+278 5069.343307839822
-2.5916283211991764e+278 5121.656593687598
-5.94641169858666e+278 5118.853178484553
-1.3643859267877923e+279 5111.355159346631
-3.1305416637382087e+279 4984.903275561635
-7.182931834744045e+279 5078.279232333615
-1.6481016796617226e+280 5158.229754943365
-3.781518757236795e+280 5041.636093891748
-8.676578810519024e+280 5085.398047124063
-1.9908143972861847e+281 4940.420989889649
-4.567862576937593e+281 5038.738679293986
-1.0480820587911139e+282 5147.430014673348
-2.404792139557458e+282 5045.325371065403
-5.517721810015176e+282 5066.628863691869
-1.266024346633129e+283 4964.241889746878
-2.904854034791277e+283 4940.4662387617045
-6.665098491892109e+283 5128.899536448402
-1.529286407322509e+284 4980.2180155121705
-3.508900758880556e+284 4954.095281375216
-8.051065174396728e+284 5068.906169664117
-1.847292211908074e+285 5049.779134335426
-4.23855532436666e+285 4965.372587108708
-9.725235196634372e+285 4854.5117308857125
-2.231425388885033e+286 4987.112893403275
-5.119937117699631e+286 4894.452438554344
-1.1747538689741505e+287 5011.934249036556
-2.6954367230388673e+287 4946.656304163544
-6.184596892837623e+287 5034.807942959645
-1.4190367891023663e+288 4935.052501646821
-3.2559363911946755e+288 4864.061199657341
-7.470646191077055e+288 4929.975961856825
-1.714116856311679e+289 4796.372585922936
-3.932988555395941e+289 4771.340733676271
-9.024121616865322e+289 4985.464712040037
-2.0705570282997633e+290 4893.986588876095
-4.7508295981174726e+290 4884.744283356286
-1.0900632806468837e+291 4775.872773562724
-2.501116765554986e+291 4892.606874804199
-5.738735710121288e+291 4798.560997605742
-1.316735308169972e+292 4822.885083901234
-3.0212087807487265e+292 4776.014632761801
-6.932070887928941e+292 4783.193019320303
-1.590542404797431e+293 4850.9153051722615
-3.6494507663850754e+293 4819.148463636116
-8.373552855992443e+293 4779.400788516793
-1.9212860213908908e+294 4782.961440004002
-4.4083318508587085e+294 4835.3986715598
-1.011478222967906e+295 4786.281737969267
-2.3208057608889483e+295 4858.69253800416
-5.32501763999543e+295 4697.066536635739
-1.2218089658395733e+296 4661.012798218595
-2.8034031996319337e+296 4633.9629984273915
-6.432322662083394e+296 4664.76553874437
-1.4758767070888628e+297 4815.815988636121
-3.386353839752737e+297 4744.184975159749
-7.769885026932436e+297 4636.501715765661
-1.782776289442837e+298 4763.245097288358
-4.0905255189527102e+298 4633.325267143711
-9.38558534813846e+298 4747.92341672779
-2.1534937728427778e+299 4617.027235973311
-4.941125414828209e+299 4598.913103518726
-1.1337260721600291e+300 4609.166754182985
-2.601299701558163e+300 4705.685119272326
-5.968602384202237e+300 4681.305156151061
-1.3694775115441692e+301 4723.610668867503
-3.142224148804453e+301 4617.651005514104
-7.209736938430493e+301 4617.5269774970675
-1.6542520284921894e+302 4632.366986502922
-3.795630543999086e+302 4712.566224440977
-8.708957872441152e+302 4595.677261752866
-1.998243673738678e+303 4496.416146723957
-4.5849088239043266e+303 4616.8238693060175
-1.0519932678773412e+304 4679.893408599932
-2.4137662888502857e+304 4609.49078684518
-5.538312720333304e+304 4597.646229973235
-1.2707488678539654e+305 4561.526959953933
-2.9156943038329436e+305 4461.127953884911
-6.689971156740657e+305 4458.391538623155
-1.5349933639883474e+306 4479.1887479066045
-3.521995195919802e+306 4573.06028874591
-8.081109958581117e+306 4572.172182223006
-1.8541858954927977e+307 4521.119641822892
-4.2543726699247565e+307 4413.15268443798
-9.761527610904539e+307 4552.375121310789
-inf 4488.9229767240795
nan 4518.655910333641
nan 4573.378151553091
nan 4431.175937694061
nan 4409.153606150254
nan 4470.429362141737
nan 4353.024718203349
nan 4485.559771034414
nan 4548.731682877563
nan 4446.081810858449
nan 4329.980877593472
nan 4506.485109115946
nan 4521.0415659364935
nan 4367.400907842319
nan 4360.542664046532
nan 4303.01512878729
nan 4463.18505192547
nan 4321.46168253181
nan 4342.584010636529
nan 4469.986422745367
nan 4424.745314074116
nan 4413.855335301571
nan 4409.244572998585
nan 4379.382365611992
nan 4246.0514496707965
nan 4430.527467390956
nan 4282.538367780579
nan 4245.450709955074
nan 4292.583780985741
nan 4198.895014143867
nan 4308.332760449877
nan 4206.7671970753745
nan 4366.276856453386
nan 4283.597592919543
nan 4175.9073572444495
nan 4188.60920406486
nan 4359.103715430456
nan 4161.918544154272
nan 4344.942798415896
nan 4333.044342520233
nan 4223.9254153354195
nan 4267.952547448498
nan 4169.78768053801
nan 4127.279819673251
nan 4278.1325258237
nan 4127.238496125502
nan 4236.101094987106
nan 4201.956251959244
nan 4251.570183654606
nan 4198.8428717889565
nan 4100.489067315639
nan 4070.9224774535473
nan 4244.249055696087
nan 4237.740310755806
nan 4188.534727695244
nan 4216.499842917595
nan 4186.819101643376
nan 4053.8473866756513
nan 4121.49560198181
nan 4005.447372734171
nan 4039.22655999172
nan 4000.9949346721783
nan 3988.5402305248795
nan 4001.8748709073366
nan 4034.843466063962
nan 3986.847484461012
nan 4070.7611913774626
nan 4003.0279336961426
nan 4121.533588794707
nan 4113.799143243952
nan 4125.263704381242
nan 3942.444229294699
nan 4029.1459082779056
nan 4041.0073256011583
nan 3986.417307716783
nan 3950.949431903704
nan 3930.9780939252605
nan 3960.6675575262298
nan 3905.0490967765318
nan 4024.2103280624883
nan 4033.8382598772578
nan 3902.7120660632363
nan 3957.6707378772076
nan 3930.057304412686
nan 3968.41569611562
nan 4034.501170519173
nan 3960.5083733721503
nan 3969.74281463925
nan 3952.3409328780467
nan 3884.3964819788916
nan 3982.6131417799284
nan 3953.144713873154
nan 3827.878904527644
nan 3868.748233571033
nan 3935.7097805795283
nan 3950.5451670088746
nan 3930.855029511616
nan 3798.692744621281
nan 3890.589275777842
nan 3867.492914941354
nan 3768.855923999718
nan 3807.20314070454
nan 3899.614459081645
nan 3916.658961938386
nan 3778.4401839560114
nan 3804.670632113932
nan 3869.0775408757245
nan 3846.8965152456926
nan 3720.3040714145113
nan 3795.2437207790726
nan 3797.182780526999
nan 3726.1088921568985
nan 3845.503969452813
nan 3800.632363180974
nan 3771.6112698481516
nan 3813.8097299659835
nan 3724.2042094682974
nan 3803.753527444587
nan 3787.845851229368
nan 3742.893993276625
nan 3749.5250924946536
nan 3718.684601900314
nan 3744.6230822559687
nan 3742.2735006104326
nan 3747.0056756511926
nan 3624.0294954538826
nan 3672.5975941161582
nan 3734.3660852374373
nan 3677.22849457486
nan 3743.0607670123154
nan 3677.969172630692
nan 3596.790802058076
nan 3704.367386441378
nan 3619.110282402525
nan 3652.6230871626426
nan 3695.0265508368175
nan 3638.633197082673
nan 3587.6773276116046
nan 3602.4907662941914
nan 3662.2478241431522
nan 3589.181120521932
nan 3554.5514333023457
nan 3609.2655235401508
nan 3635.0512259603693
nan 3621.556197713957
nan 3522.446165145904
nan 3587.904528777181
nan 3649.8522400400298
nan 3553.9767228214223
nan 3545.878800277264
nan 3560.0944900557065
nan 3583.357409821045
nan 3604.7319480583774
nan 3539.7949623852037
nan 3576.335893012484
nan 3491.692926006866
nan 3492.9054012980882
nan 3453.3590961387445
nan 3591.8938542277037
nan 3588.088704540821