1
1.026997
1.0547227455885129
1.0831969031579138
1.1124396695536007
1.1424717863665264
1.1733145546099983
1.2049898497910363
1.2375201373868416
1.2709284887372196
1.3052385973640825
1.3404747957294498
1.3766620724436727
1.4138260899359145
1.4519932025992375
1.491190475422976
1.5314457031254056
1.5727874298000692
1.6152449690894621
1.6588484249001514
1.703628712673767
1.749617581228687
1.7968476351876252
1.8453523580067344
1.8951661356222425
1.9463242807310652
1.9988630577222664
2.0528197082766786
2.1082324776524555
2.165140641674784
2.223584534448469
2.2836055768125854
2.3452463055568984
2.408550403420263
2.4735627298917375
2.540329352835698
2.608897580962772
2.6793159971690006
2.7516344927661978
2.8259043026270843
2.9021780412693796
2.980509739903657
3.060954884470412
3.1435704546924446
3.228414964169334
3.315548501541469
3.4050327727517984
3.4969311444341957
3.591308688458068
3.688232227659591
3.787770382790735
3.889993620718039
3.994974303903892
4.102786741203934
4.21350724001501
4.327214159809017
4.443987967088837
4.563911291803498
4.687068985260607
4.8135481795750845
4.943438348694165
5.076831371039673
5.213821593809575
5.354505898981856
5.498983771064845
5.647357366639202
5.799731585737891
5.956214145111596
6.116915653428236
6.2819496884563595
6.451432876283489
6.625484972621665
6.804228946253747
6.9877910646752905
7.17630098198817
7.369891829103432
7.56870030631226
7.772866778285328
7.9825353715622445
8.197854074594238
8.418974840404747
8.64605369193406
8.879250830135703
9.118730744893849
9.364662328832624
9.617218994089788
9.876578792128948
10.142924536666134
10.416443929788295
10.697329691342969
10.98577969168022
11.281997087829666
11.586190463197278
11.898573970868464
12.219367480605868
12.548796729632153
12.887093477290032
13.234495663673703
13.591247572327902
13.957599997112668
14.333810413334104
14.720143153243285
15.116869586007656
15.524268302261312
15.942625303342618
16.3722341953298
16.8133963879872
17.266421298737153
17.731626561774398
18.20933824244233
18.699891056992378
19.2036285978501
19.720903564513602
20.252078000212258
20.797523534455692
21.357621631605195
21.932763845601976
22.523352080988577
23.129798860362094
23.752527598399748
24.391972882599532
25.04858076088051
25.722809036189503
26.4151275682626
27.126018582692023
27.855976987450422
28.605510697026656
29.375140964328597
30.16540272051014
30.976844922881078
31.810030911059847
32.66553877153048
33.54396171076611
34.4459084370826
35.372003551386456
36.322887946982135
37.29921921860426
38.30167208084063
39.3309387961121
40.38772961237525
41.472773210713626
42.586817162982584
43.73062839967222
44.904993688151485
46.11072012145542
47.34863561777561
48.61958943081184
49.92445267114075
51.2641188387539
52.63950436691512
54.051549177482585
55.50121724783744
56.98949718955562
58.51740283895472
60.085973859641506
61.696276357179556
63.34940350598939
65.04647618858547
66.78864364724633
68.5770841482046
70.41300565843376
72.2976465350974
74.23227622771545
76.21819599308829
78.25673962300681
80.34927418476106
82.49720077444447
84.70195528303358
86.96500917520507
89.28787028083167
91.67208359907877
94.11923211499995
96.63093762850666
99.2088615955618
101.85470598141946
104.57021412570491
107.35717161909832
110.21740719135292
113.15279361034453
116.1652485918127
119.25673571941537
122.42926537467812
125.6848956763762
129.02573342884227
132.45393507864446
135.9717076790294
139.58130986147125
143.2850528136121
147.08530126282017
150.98447446453005
154.98504719446524
159.0895507437735
163.30057391603583
167.62076402503362
172.05282789208098
176.59953284164692
181.26370769390627
186.0482437527692
190.9560957878451
195.99028300869995
201.15389002966413
206.4500678233427
211.88203466086966
217.45307703683437
223.16655057668913
229.02588092432438
235.03456460737087
241.19616987765613
247.51433752410642
253.99278165524487
260.63529044829113
267.44572686171864
274.4280293079712
281.58621228288354
288.9243669481867
296.4466616633138
304.1573424625516
312.0607334734079
320.1612372718899
328.46333517020497
336.97158743221456
345.69063341178315
354.62519160897784
363.78005963888285
373.1601141076012
382.77031038982483
392.6156823021596
402.7013416662016
413.032477755168
423.61435661769724
434.4523202722467
445.55178576533143
456.91824408667094
468.5572589341353
480.4744653212178
492.6755680196009
505.16633982923366
517.9526196681991
531.040310474525
544.4353769119749
558.1438428717616
572.1717887620407
586.5253485769819
601.2107067371717
616.234094693084
631.6017872833573
647.3200988396536
663.3953790299305
679.8340084320557
696.6423938298166
713.82696322354
731.3941605477414
749.3504400884639
767.7022605932528
786.4560790670494
805.618344247662
825.195489754916
845.1939269080627
865.620037206579
886.4801644700901
907.7806066338134
929.5276071966506
951.7273463198522
974.3859315750361
997.5093883412793
1021.1036498520004
1045.1745468934298
1069.7277971576061
1094.7689942540655
1120.3035963856805
1146.3369146954765
1172.8741012926935
1199.9201369678744
1227.4798186083449
1255.5577463270938
1284.158310319789
1313.2856774664267
1342.9437776959528
1373.1362901340751
1403.8666290564158
1435.1379296711207
1466.953033757048
1499.3144751856773
1532.2244653569253
1565.6848785810948
1599.6972374412287
1634.2626981721562
1669.3820360945176
1705.0556311440018
1741.283453537928
1778.0650496231226
1815.399527950791
1853.285545625711
1891.721294978604
1930.7044906119272
1970.2323568705629
2010.301615789958
2050.9084755751514
2092.0486196648153
2133.717196434908
2175.908809596773
2218.6175093445145
2261.8367843061988
2305.559554352903
2349.778164318778
2394.484378684176
2439.6693772724443
2485.323752009238
2531.437504791125
2578.000046507852
2625.000197259926
2672.4261878101
2720.265662303986
2768.5056822913393
2817.132732075549
2866.1327254145995
2915.4910135921864
2965.19239487286
3015.2211253499845
3065.560931190026
3116.195022271195
3167.106107208828
3218.276409754118
3269.6876865469235
3321.321246197437
3373.1579696655385
3425.1783319006718
3477.3624246991926
3529.6899807302943
3582.140398675923
3634.6927694245724
3687.325903253528
3740.018357929056
3792.7484676492563
3845.494372749844
3898.2340500890186
3950.9453440238744
4003.6059978875264
4056.193685873281
4108.686045229821
4161.0607086694945
4213.295336890442
4265.367651112438
4317.255465526016
4368.936719554667
4420.38950983062
4471.592121786034
4522.523060763171
4573.161082549466
4623.485223246149
4673.474828382354
4723.109581190336
4772.369529961514
4821.235114407543
4869.687190955476
4917.707056911197
4965.276473430746
5012.37768724481
5058.993451087498
5105.107042786536