1
1.07999
1.166377320217999
1.259673416264275
1.3604306039217382
1.4692453184900522
1.5867616332940868
1.7136750578260553
1.8507366375844008
1.9987573793863982
2.158613027773992
2.33124922011245
2.5176870501083704
2.7190290717572516
2.936465778181586
3.1712825924489905
3.4248674102775363
3.698718737553719
3.9944544688194976
4.313821356340704
4.658705223062441
5.03114197670034
5.433329486422386
5.8676403880565875
6.336635888527172
6.8430806452872535
7.38995880188937
7.980491266525714
8.618154326384225
9.306699697009657
10.050176112531723
10.852952569623223
11.719743345372647
12.655634916885218
13.666114918343776
14.757103279437683
15.934985697465171
17.206649603980917
18.579522795530092
20.06161490669905
21.66156191231712
23.38867385403487
25.252985994524906
27.26531361001105
29.437310638501756
31.7815324067092
34.31150266285044
37.04178514496499
39.9880599145882
43.167204683057776
46.59738135177701
50.298127977685496
54.29045636015461
58.59695542455782
63.24190054974777
68.2513689503236
73.65336117843644
79.47792875230574
85.75730784774039
92.52605890268731
99.82121188083543
107.68241681600708
116.15209911164034
125.27561889602416
135.10143353077623
145.6812621338281
157.0702507052136
169.32713613046243
182.51440697859883
196.6984586059803
211.9497396201422
228.34288624661895
245.95684057439644
264.87494803137815
285.18502876080044
306.9794168358108
330.3549604680825
355.4129755464885
382.2591439968952
411.0033476026221
441.7594270917729
474.64485551434
509.78031423873796
547.2891593432882
587.296765821986
629.9297369346089
675.3149662879522
723.5785409261108
774.844474929387
829.2332648746703
886.8602610968538
947.8338521079594
1012.25346386257
1080.2073808674993
1151.770402449916
1227.001354805247
1305.9404876687017
1388.6067934438825
1474.995296145138
1565.0743672387855
1658.7831349744895
1756.0290625574448
1856.6857779148233
1960.5912431839033
2067.5463546944816
2177.3140634543124
2289.619101370986
2404.148389198148
2520.5521882315356
2638.446039130084
2757.413508255143
2877.0097353184287
2996.7657469743012
3116.1934706717243
3234.7913532301795
3352.0504609942413
3467.4609148282034
3580.518495260852
3690.7312421079123
3797.6258697821377
3900.75382461839
3999.6968236895937
4094.071735000524
4183.534685351018
4267.784312902613
4346.564114668404
4419.66387280761
4486.920175866454
4548.21608032124
4603.479982646038
4652.683791753439
4695.840505581134
4733.001303770652
4764.252271118737
4789.710864371841
4809.522228773328
4823.855461462632
4832.8999072957695
4836.861559797155
4835.959626563346
4830.423305196265
4820.488803282233
4806.396624446744
4788.389132360792
4766.708395891156
4741.594311412734
4713.282992596052
4682.005413650336
4647.9862889067645
4611.443169610826
4572.585737691624
4531.6152759262595
4488.724294164669
4444.096291984396
4397.905639182237
4350.317556774832
4301.48818258515
4251.564706965118
4200.68556569041
4148.98067851881
4096.571723297646
4043.5724368167585
3990.088934817844
3936.220044681147
3882.057645313934
3827.687009662876
3773.187146068248
3718.631135377094
3664.086461342088
3609.615332359963
3555.2749930558116
3501.1180246048484
3447.192633008723
3393.5429248162072
3340.209170004517
3287.2280519236956
3234.63290435778
3182.4539358778443
3130.7184417577714
3079.451003797663
3028.6736784555255
2978.406173728262
2928.666015250594
2879.4687020976357
2830.827852785266
2782.7553419639107
2735.261428297219
2688.3548740085444
2642.043056566181
2596.332072963729
2551.226837035488
2506.7311702289912
2462.8478862381203
2419.5788698811352
2376.925150588635
2334.8869708472776
2293.463849926141
2252.654643194119
2212.45759731878
2172.870401619793
2133.8902358334035
2095.5138145285036
2057.737428399715
2020.5569826484905
1983.9680326496066
1947.96581708754
1912.545288735061
1877.7011430349419
1843.4278446349315
1809.7196520160483
1776.5706403447984
1743.9747226710622
1711.925669585112
1680.4171274394862
1649.4426352342084
1618.9956402570976
1589.0695125646193
1559.6575583828571
1530.7530325027196
1502.3491497383982
1474.4390955133497
1447.0160356336569
1420.073125304512
1393.6035174417339
1367.6003703266783
1342.0568546495754
1316.9661599832532
1292.3215007263343
1268.116121552325
1244.3433023985306
1220.9963630264258
1198.0686671829546
1175.5536263902375
1153.4447033892995
1131.7354152617095
1110.419336251393
1089.4901003074
1068.9414033669982
1048.7670053971642
1028.9607322113416
1009.5164770771979
990.428202130065
971.6899396057712
953.2957929056572
935.2399375057199
917.5166217210352
900.1201673358727
883.044970109225
866.2855001648322
849.8363022741844
833.691996040421
817.8472759905306
802.2969115827609
787.0357471356983
772.0587016850499
757.3607687737638
742.9370161807541
728.7825855931497
714.8926922266639
701.2626243983772
687.8877430559453
674.7634812669799
661.8853436720991
649.2489059049195
636.8498139820394
624.6837836658647
612.7465998029371
601.0341156402496
589.5422521218654
578.266997168003
567.2044049386058
556.3505950832754
545.7017519793235
535.2541239595758
525.0040225314506
514.9478215887293
505.0819566173392
495.40292389637403
485.9072796954963
476.5916394697792
467.45267705297505
458.4871238501231
449.69176803034463
441.0634537206101
432.5990802012059
424.2956011035719
416.1500236111314
408.15940766368516
400.3208651658984
392.63155920036536
385.0887032456974
377.6895604000437
370.4314426104185
363.3117099081762
356.3277696509458
349.47707577130666
342.75712803246176
336.16547129113906
329.6996947679281
323.35743132523754
317.13635675303817
311.0341890625376
305.0486877879138
299.1776532962186
293.41892610554714
287.77038621155305
282.229952422377
276.7955817020425
271.4652685223622
266.23704422338443
261.10897638240306
256.07916819154013
251.1457578439052
246.3069179283246
241.56085483262763
236.90580815546875
232.34005012665833
227.8618850359686
223.46964867037593
219.16170775969428
214.93645943055128
210.7923306686531
206.72777778927994
202.74128591595098
198.8313684671938
194.99656665134995
191.2354489693457
187.54661072535484
183.9286735452769
180.38028490295338
176.90011765404196
173.48686957746676
170.13926292436176
166.85604397442327
163.6359825995852
160.47787183493116
157.38052745675571
154.34278756768657
151.36351218877928
148.44158285849505
145.57590223847217
142.76539372600158
140.0090010731163
137.3056880122051
134.65443788806022
132.0542532962697
129.50415572786454
127.00318522013102
124.55040001349994
122.14487621442343
119.78570746415144
117.47200461332014
115.20289540226507
112.97752414697254
110.79505143058296
108.6546538003612
106.5555234700491
104.4968680275161
102.47791014762515
100.49788731023116
98.5560515232305
96.65166905058081
94.78402014521117
92.95239878674327
91.1561124239456
89.39448172184323
87.66684031340662
85.97253455574388
84.31092329072189
82.68137760994242
81.08328062400052
79.51602723595313
77.97902391892704
76.47168849779601
74.9934499348581
73.54374811944487
72.12203366139526
70.72776768832776
69.36042164664556
68.01947710621013
66.70442556861967
65.41476827902986
64.1500160414552
62.909689037490025
61.693316648389384
60.500437280450775
59.33059819363858
58.18335533339404
57.05827316557433
55.95492451446534
54.87289040381355
53.81175990082315
52.77112996306563
51.75060528824971
50.74979816680028
49.76832833719617
48.8058228440169
47.86191589864978
46.9362487426093
46.02846951342162
45.13823311302768
44.26520107865934
43.40904145614356
42.56942867559056
41.7460434294224
40.938572552699476
40.14670890570277
39.370151258730765
38.60860417907032
37.86177792010178
37.129388312499074
36.41115665748624
35.70680962211261
35.01607913650946
34.33870229309155
33.674421247667595
33.0229831224245
32.38413991075059
31.757648383863792
31.14326999921132
30.540770810607988
29.949921380080852
29.37049669138842
28.80227606518333
28.24504307578783
27.698585469552018
27.162695084765343
26.637167773092283
26.12180332250381
25.61640538167661
25.120781385832625
24.6347424839919
24.158103467612275
23.690682700589942
23.23230205059525
22.782786821718755
22.34196568840283
21.90967063063474
21.48573687037734
21.070002809214216
20.662309967186275
20.26250292279742
19.87042925416718
19.485939481308744
19.10888700951104
18.739128073804114
18.376521684487255
18.020929573699796
17.672216143014882
17.330248412036806
16.99489596798295
16.666030916231644
16.343527831817646
16.027263711857273
15.717117928885568
15.412972185088144
15.114710467410776
14.822219003530025
14.535386218668563
14.254102693239123
13.978261121301323
13.707756269815912
13.442484938681245
13.182345921537106
12.927239967321272
12.677069742564466
12.43173979440964
12.191156514341776
11.955228102614658
11.72386453336132
11.496977520375134
11.274480483548723
11.056288515958158
10.842318351580111
10.632488333629869
10.426718383508346
10.224929970346478
10.027046081135536
9.832991191432203
9.642691236627387
9.456073583768003
9.273067003921138
9.093601645070219
8.917609005532993
8.74502190789135
8.575774473423142
8.409802097026445
8.247041422626763
8.087430319057964
7.930907856407844
7.777414282819432
7.6268910017392795
7.479280549604158
7.3345265739577785
7.192573811989259
7.05336806948526
6.916856200187841
6.782986085550259
6.651706614883056
6.522967665882959
6.396720085537215
6.272915671396178
6.151507153207053
6.032448174901866
5.91569327693285
5.801197878948572
5.688918262804251
5.578811555899842
5.470835714839574
5.364949509406787
5.26111250684797
5.1592850564600745
5.059428274475269
4.961504029237395
4.865474926664536
4.771304295992167
4.678956175791507
4.588395300257765
4.499587085763083
4.412497617669088
4.327093637394048
4.243342529729728
4.161212310403138
4.080671613878468
4.0016896813945575
3.9242363492333916
3.8482820372151485
3.7737977374154483
3.7007550031005123
3.6291259378760405
3.558883185045684
3.4899999171750693
3.4224498258574227
3.356207111676895
3.291246474365785
3.22754310315192
3.1650726672925242
3.103811306790981
3.0437356232929638
2.9848226711584713
2.927049948706379
2.870395389628175
2.81483735456762
2.7603546228631273
2.7069263844497273
2.654532231917531
2.6031521527236823
2.5527665215548248
2.503356092837191
2.4549019933914558
2.407385715229565
2.360789108490796
2.315094374514364
2.270284059045941
2.226341045575494
2.183248548803918
2.1409901082359672
2.0995495818970547
2.0589111401715208
2.019059259760033
1.9799787177538064
1.9416545858234002
1.904072224519869
1.8672172776861027
1.8310756669762263
1.7956335864809723
1.7608774974569776
1.7267941231580006
1.6933704437660855
1.6605936914207466
1.628451345344277
1.596931127061325
1.5660209957109166
1.535709143449141
1.5059839909407406
1.4768341829378955
1.4482485839445123
1.4202162739643662
1.3927265443314782
1.365768893621135
1.3393330236399943
1.3134088354937488
1.2879864257308478
1.2630560825608061
1.238608282145662
1.2146336849631658
1.191123132240316
1.1680676424558813
1.145458407910577
1.1232867913635853
1.1015443227341397
1.0802226958669128
1.0593137653599771
1.0388095434541276
1.0187021969823793
0.998984044378477
0.9796475527432771
0.9606853349678809
0.9420901469124238
0.9238548846394424
0.9059725817007664
0.8884364064768987
0.8712396595678689
0.854375771234566
0.8378382988895732
0.8216209246365473
0.8057174528572052
0.7901218078449953
0.7748280314845528
0.7598302809760514
0.745122826603585
0.7307000495467264
0.7165564397344293
0.7026865937404536
0.6890852127195115
0.6757471003833465
0.6626671610159731
0.6498403975273201
0.637261909544534
0.6249268915402142
0.612830630996867
0.6009685066068754
0.5893359865073001
0.5779286265488363
0.566742068598266
0.5557720388737596
0.5450143463123874
0.534464880969223
0.5241196124474227
0.5139745883586853
0.5040259328135024
0.494269844940624
0.4847025974351735
0.4753205351348587
0.4661200736237343
0.4570976978629836
0.4482499608481966
0.4395734822926316
0.4310649473359574
0.4227211052779844
0.4145387683368993
0.40651481043153065
0.3986461659871802
0.39092982876456334
0.383362850711412
0.37594234083630235
0.3686654641042756
0.3615294403538314
0.3545315432348805
0.34766909916725014
0.3409394863193454
0.33434013360657594
0.32786851970916636
0.32152217210897416
0.31529866614494845
0.3091956240868683
0.3032107142270067
0.2973416499893743
0.29158618905620126
0.2859421325113254
0.2804073240001578
0.2749796489059063
0.26965703354174203
0.2644374443585999
0.25931888716831125
0.2542994063817717
0.24937708426185284
0.24455004019077345
0.2398164299516492
0.23517444502394766
0.23062231189257856
0.22615829137035612
0.22178067793357426
0.21748779907044113
0.21327801464212418
0.20914971625616147
0.20510132665200015
0.2011312990984274
0.19723811680266354
0.19342029233089175
0.1896763670400031
0.18600491052033968
0.18240452004922336
0.17887382005506078
0.17541146159182072
0.17201612182368248
0.16868650351965878
0.16542133455799996
0.1622193674401903
0.1590793788143508
0.15600016900786626
0.15298056156905834
0.1500194028177295
0.1471155614044058
0.1442679278781109
0.1414754142625054
0.13873695364023003
0.13605149974529407
0.1334180265633527
0.13083552793972134
0.12830301719497678
0.12581952674799812
0.1233841077463042
0.12099582970354558
0.11865378014401302
0.11635706425402657
0.11410480454007206
0.11189614049355444
0.10973022826203989
0.10760624032686116
0.10552336518696288
0.10348080704886624
0.10147778552263442
0.09951353532372276
0.09758730598059971
0.09569836154802694
0.09384598032588894
0.09202945458346493
0.09024809028903749
0.08850120684473481
0.08678813682650519
0.08510822572912444
0.08346083171613884
0.08184532537464811
0.08026108947483461
0.07870751873414704
0.07718401958604859
0.07569000995324097
0.07422491902527793
0.07278818704048318
0.07137926507208946
0.06999761481851703
0.06864270839771144
0.06731402814546208
0.0660110664176244
0.06473332539617024
0.06348031689899232
0.062251562193389946
0.06104659181316497
0.05986494537925797
0.058706171423856125
0.05756982721790572
0.056455478601963184
0.055362699820320244
0.054291073358339666
0.053240189782939526
0.05220964758616509
0.05119905303178842
0.05020802000487728
0.04923616986427569
0.048283131297939916
0.047348540181074546
0.04643203943701447
0.04553327890079965
0.0446519151853905
0.04378761155047286
0.04294003777380228
0.04210887002503867
0.04129379074202295
0.04049448850944849
0.03971065793988105
0.038941999557081615
0.038188219681587705
0.03744903031850935
0.036724149047496914
0.0360132989148387
0.035316208327647106
0.03463261095009297
0.03396224560164835
0.033304856157298994
0.03266019144968825
0.03202800517315513
0.031408055789629824
0.030800106436350696
0.030203924835367518
0.029619283204796395
0.029045958171792445
0.028483730687206995
0.027932385941896676
0.027391713284652477
0.026861506141717353
0.026341561937861677
0.025831682018986377
0.02533167157622418
0.02484133957150996
0.024360498664591765
0.023888965141454627
0.023426558844129853
0.022973103101862888
0.02252842466361355
0.022092353631862797
0.021664723397700723
0.021245370577171054
0.02083413494884772
0.02043085939261976
0.02003538982966109
0.01964757516356225
0.019267267222601612
0.018894320703133998
0.0185285931140751
0.018169944722460456
0.017818238500058224
0.017473340071015305
0.017135117660516876
0.016803442044439655
0.016478186499979713
0.016159226757235943
0.01584644095173069
0.015539709577849408
0.015238915443181558
0.0149439436237453
0.014654681420078858
0.014371018314181805
0.014092845927289805
0.013820057978466681
0.013552550243997985
0.01329022051757057
0.013032968571222922
0.012780696117051371
0.012533306769657514
0.012290706009322529
0.012052801145894292
0.011819501283373512
0.011590717285185357
0.011366361740123272
0.011146348928952032
0.010930594791657209
0.01071901689532859
0.010511534402665251
0.010308068041090253
0.010108540072463165
0.009912874263378854
0.009720995856041172
0.009532831539700425
0.009348309422643716
0.009167359004727442
0.008989911150441475
0.008815898062494712
0.008645253255911922
0.008477911532631981
0.008313808956597793
0.00815288282932838
0.007995071665963813
0.00784031517177382
0.007688554219121108
0.007539730824870588
0.007393788128235885
0.0072506703690546435
0.007110322866484364
0.006972691998110599
0.006837725179459542
0.006705370843907184
0.006575578422977349
0.006448298327021095
0.006323481926270092
0.006201081532256732
0.006081050379593891
0.005963342608107358
0.005847913245314124
0.005734718189239824
0.005623714191568775
0.0055148588411201675
0.005408110547644099
0.00530342852593126
0.005200772780230195
0.005100104088966197
0.005001383989755983
0.004904574764712437
0.004809639426033795
0.00471654170187178
0.00462524602247327
0.0045357175065902245
0.004447921948152656
0.004361825803199572
0.004277396177062886
0.004194600811799403
0.004113408073866071
0.00403378694203381
0.003955706995535266
0.003879138402442002
0.003804051908266654
0.0037304188247857095
0.003658211019078643
0.003587400902779208
0.00351796142153479
0.0034498660446697894
0.0033830887550490795
0.00331760403913768
0.003253386877252834
0.003190412734004771
0.0031286575489225033
0.0030680977272610765
0.003008710130986754
0.002950472069936702
0.0028933612931497845
0.002837355980365172
0.002782434733685499
0.0027285765694013996
0.002675760909974286
0.002623967576174317
0.0025731767793705424
0.0025233691139702865
0.0024745255500048776
0.002426627425858892
0.0023796564411401318
0.0023335946496876167
0.0022884244527149166
0.002244128592086205
0.0022006901437224614
0.002158092511135311
0.002116319419086022
0.0020753549073672457
0.002035183324705118
0.0019957893227793948
0.0019571578503593382
0.001919274147553109
0.0018821237401684717
0.0018456924341826572
0.0018099663103192676
0.0017749317187301542
0.0017405752737802349
0.0017068838489332605
0.0016738445717365724
0.001641444818902939
0.001609672211487591
0.0015785146101586099
0.0015479601105588678
0.001517997038757742
0.0014886139467908692
0.001459799608286234
0.0014315430141749203
0.0014038333684848886
0.00137666008421617
0.0013500127792959028
0.001323881272611664
0.0012982555801215826
0.0012731259110397468
0.0012484826640954496
0.00122431642386484
0.0012006179571735819
0.0011773782095691452
0.0011545883018613797
0.0011322395267300519
0.0011103233453980486
0.001088831384368974
0.0010677554322278974
0.0010470874365040253
0.001026819500594102
0.0010069438807453622
0.0009874529830968836
0.0009683393607782071
0.0009495957110641192
0.0009312148725845061
0.0009131898225882166
0.0008955136742598859
0.0008781796740886974
0.0008611811992880747
0.0008445117552653203
0.0008281649731402327
0.0008121346073117547
0.0007964145330717219
0.0007809987442648021
0.0007658813509937287
0.0007510565773689535
0.000736518759301858
0.0007222623423406801
0.0007082818795483307
0.0006945720294212869
0.0006811275538487687
0.0006679433161114193
0.0006550142789187237
0.000642335502484415
0.0006299021426391356
0.0006177094489796297
0.0006057527630537607
0.0005940275165806614
0.0005825292297053346
0.0005712535092870393
0.000560196047220807
0.0005493526187914489
0.0005387190810594217
0.0005282913712779392
0.0005180655053407222
0.0005080375762597945
0.0004982037526727435
0.0004885602773788753
0.0004791034659037041
0.00046982970509122873
0.0004607354517234569
0.0004518172311666516
0.0004430716360437805
0.0004344953249326626
0.00042608502108931425
0.00041783751119600616
0.0004097496441335541
0.00040181832977737367
0.0003940405378168391
0.0003864132965974951
0.0003789336919856796
0.00037159886625512314